PartcipantID:be14
block;trial;answer;correct;timeSpent;randomYes(1=Left:No/Right:Yes);instanceNumber;xyCoordinates;error
1;1;1;0;2.00211;0;5;(6.5,5.5)(1,5.5)(4.5,6)(1,0.5)(0,3)(6,0.5);
1;2;0;0;2.004075;0;60;(6.5,2)(1.5,6)(5,5.5)(0,2.5)(2.5,0.5)(7.5,5.5);
1;3;0;1;2.001727;0;49;(6,6)(1.5,5)(1,0.5)(7.5,4)(4,6)(8,1);
1;4;0;1;2.003263;1;44;(6,0.5)(1.5,5)(7.5,4.5)(0.5,1.5)(3.5,0.5)(7.5,1.5);
1;5;1;1;2.001987;1;17;(2.5,1)(6,1)(3,6)(1,3.5)(6.5,4)(8,2);
1;6;1;1;2.000702;1;12;(6.5,1.5)(7,5)(0.5,3.5)(3,6)(1.5,0.5)(3.5,1);
1;7;1;1;2.000799;0;72;(7,3)(0,5.5)(3,0.5)(7,0.5)(0.5,1.5)(6.5,5);
1;8;0;1;2.002282;1;51;(1,2.5)(6.5,4.5)(7.5,2)(0,4.5)(2.5,6)(4,0.5);
1;9;0;1;2.001847;1;50;(4,0.5)(0,3.5)(6.5,5)(0,0.5)(2.5,6)(7.5,1.5);
1;10;1;1;2.000519;0;66;(7.5,5)(1.5,5)(0.5,2)(7,0.5)(3.5,6)(3.5,1);
1;11;0;1;2.003374;0;43;(6.5,5.5)(-0.5,4.5)(3.5,0.5)(8,1)(0,0)(0.5,2.5);
1;12;1;0;2.001583;0;6;(6.5,4)(5,6)(7,0.5)(0.5,5)(5,0.5)(2,1);
1;13;1;1;2.002234;1;30;(8,6)(7,1.5)(3.5,0.5)(1.5,5.5)(0,1.5)(6,6);
1;14;1;0;2.001224;1;9;(5.5,6)(8,3.5)(1,3.5)(1.5,0.5)(7,1.5)(2,6);
1;15;1;1;2.000716;0;63;(6.5,5.5)(1,5.5)(1.5,2.5)(7,2.5)(1,0.5)(3.5,0.5);
1;16;0;0;2.002235;0;36;(0,1.5)(7,4.5)(6.5,1)(3.5,5.5)(2,1)(0.5,5.5);
1;17;1;0;2.00035;1;24;(1,5)(5.5,0.5)(2,0.5)(0,0)(6.5,4)(1.5,3);
1;18;0;1;2.000376;0;26;(1,1.5)(1,6)(7.5,2.5)(1.5,4)(7,6)(3.5,0.5);
1;19;1;1;2.000677;1;62;(1.5,0.5)(0,5.5)(6.5,6)(6.5,1.5)(7,4)(4,5.5);
1;20;1;1;2.001409;0;34;(7,1.5)(0.5,0.5)(8,5.5)(4,0.5)(1.5,5)(3.5,6);
1;21;1;1;2.002692;1;67;(0.5,2)(7,3.5)(4.5,6)(0,5)(2.5,0.5)(7.5,0.5);
1;22;0;1;2.00103;0;53;(5,5.5)(2.5,0)(0.5,4)(8,6)(7,3.5)(0,1);
1;23;1;0;2.000912;1;20;(7.5,4.5)(0,5)(7.5,1.5)(1,2.5)(2.5,6)(3.5,0.5);
1;24;1;1;2.002109;1;14;(7.5,2)(1.5,3.5)(7.5,5.5)(1,6)(0,0.5)(2.5,0.5);
2;1;0;0;2.001693;1;18;(1,5.5)(4,0.5)(7,0.5)(1.5,3)(8,4.5)(3.5,5.5);
2;2;1;1;2.001469;0;58;(2,5)(6.5,3)(1.5,3)(7,0.5)(2.5,0.5)(7.5,6);
2;3;1;1;2.001111;1;11;(5.5,0.5)(8.5,3)(6.5,4)(0,2)(1,5)(4,6);
2;4;0;1;2.00199;0;22;(7,2.5)(2.5,6)(0.5,5)(7.5,5)(0,1)(4.5,0.5);
2;5;0;1;2.000028;0;40;(7,5.5)(0,3.5)(1.5,0.5)(6.5,1)(3,6)(4,0.5);
2;6;0;1;2.000507;1;25;(0.5,6)(6,5)(4,6)(1.5,2)(3.5,0.5)(6,1);
2;7;0;1;2.001161;0;46;(2.5,0.5)(8,2)(0,6)(3,6)(1,3)(6.5,4.5);
2;8;1;1;2.001168;0;33;(0,1)(7.5,1.5)(8.5,4.5)(6.5,5)(2.5,6)(0,4);
2;9;0;1;2.000465;1;8;(7,5.5)(6.5,1)(0.5,1.5)(3.5,0.5)(1,4.5)(4,5.5);
2;10;1;1;2.000198;0;69;(8,3.5)(1.5,1)(7.5,1)(4,5.5)(0.5,4.5)(3.5,0.5);
2;11;1;1;2.001264;0;56;(6,3.5)(8,6)(1.5,4.5)(8,3)(6.5,0.5)(4.5,0.5);
2;12;0;1;2.002855;1;19;(0.5,4)(2,0.5)(6.5,0.5)(7.5,6)(6.5,3.5)(5,6);
2;13;1;1;2.001771;1;10;(1.5,2.5)(6.5,5.5)(1,5)(7,0.5)(7.5,3.5)(3.5,6);
2;14;0;1;2.002228;1;3;(1,4)(1,1.5)(6,0.5)(6.5,4)(3,5.5)(7.5,1.5);
2;15;0;1;2.002422;0;41;(3,0.5)(6,5.5)(0,4.5)(6.5,2)(8.5,5.5)(0.5,2);
2;16;1;0;2.003062;1;4;(7,4)(4.5,6)(0.5,1)(1,4.5)(7,0.5)(4,1);
2;17;1;1;2.000153;1;29;(1.5,0.5)(8,6)(5.5,0.5)(1,4)(1,6)(7.5,2);
2;18;0;1;2.001287;0;47;(6.5,5)(8,0.5)(7.5,3)(3.5,6)(1,3.5)(1,1);
2;19;0;1;2.000495;0;38;(0.5,3)(7.5,5)(8,0.5)(2.5,1)(1,6)(0.5,0.5);
2;20;1;1;2.00154;1;28;(1.5,5.5)(0,2)(7.5,4)(2,1)(8,1)(5,5.5);
2;21;1;1;2.001388;1;59;(0.5,1.5)(3.5,6)(7.5,3)(0.5,4)(5,0.5)(6,5);
2;22;1;1;2.002975;1;64;(7,6)(1,2)(8,2)(1.5,5.5)(4,6)(4,0.5);
2;23;1;1;2.001355;0;57;(4,6)(8,2.5)(1,5.5)(7.5,6)(1,1)(8,0.5);
2;24;0;1;2.001999;0;37;(6.5,5.5)(1.5,0.5)(7,3)(0,6)(2,5.5)(8,0.5);
3;1;1;1;2.002811;0;61;(7,4.5)(1,2)(4,6)(1.5,4.5)(8,2)(4.5,0.5);
3;2;1;1;2.001049;1;31;(0.5,2)(8,3)(5,0.5)(8,6)(1,4)(7.5,0.5);
3;3;0;0;2.000826;0;13;(7,4.5)(8,1)(4,6)(0,1)(6,1.5)(1.5,5.5);
3;4;0;0;2.001966;1;32;(6,1)(5,6)(1.5,4.5)(2,0.5)(7.5,5.5)(8,3);
3;5;0;1;2.00224;0;21;(5.5,0.5)(0,1)(6,5.5)(7,1.5)(0.5,6)(8,4);
3;6;1;1;2.00127;1;68;(1,5.5)(7,1.5)(0,1.5)(7.5,6)(7.5,4)(2,1);
3;7;0;1;2.002004;0;52;(1,5.5)(7.5,1)(6.5,4.5)(0,2)(3,0.5)(4.5,6);
3;8;1;1;2.000262;1;65;(1,0.5)(0,3.5)(7,4.5)(5.5,0.5)(0,6)(8,1);
3;9;1;0;2.00001;1;23;(4,0.5)(7,4)(1,3.5)(6.5,6)(8,1)(2.5,5.5);
3;10;0;1;2.00004;0;7;(1,1)(5.5,5)(7.5,4.5)(7,1.5)(3.5,6)(1.5,5);
3;11;1;1;2.002478;0;15;(3,6)(8,1)(0,3.5)(2,0.5)(7,3.5)(6.5,5.5);
3;12;0;1;2.000483;1;42;(6,5.5)(2,1)(0,3.5)(7.5,2.5)(2,5.5)(7.5,0.5);
3;13;1;1;2.001106;0;55;(0.5,4.5)(1,2)(8,3.5)(8,0.5)(6,5)(3,0.5);
3;14;0;1;2.001474;0;48;(8,2)(7,6)(1,3)(1,5.5)(6,0.5)(4,0.5);
3;15;0;1;2.001564;1;54;(1.5,0.5)(1.5,4)(8,3)(6,5.5)(8,0.5)(4,0.5);
3;16;1;1;2.000232;0;71;(5.5,5.5)(3,6)(7,1.5)(0.5,3)(7.5,5)(1.5,1);
3;17;0;1;2.000052;1;39;(0.5,4)(6.5,6)(8,1.5)(1,0.5)(7,3.5)(4,5.5);
3;18;1;1;2.003606;1;70;(8,0)(1,1.5)(4,0.5)(0,6)(8,4.5)(6,5);
3;19;1;1;2.002356;0;16;(1.5,4.5)(8,5.5)(7.5,0.5)(1.5,1)(3.5,0.5)(7,3);
3;20;1;0;2.00152;0;27;(4,0.5)(2.5,6)(6.5,4)(7,2)(0,0.5)(1,3.5);
3;21;1;0;2.001175;1;1;(2,0.5)(8,6)(8,2.5)(5.5,5.5)(5.5,0.5)(1,6);
3;22;0;1;2.002838;1;45;(1,1.5)(7,2.5)(0.5,4)(4,6)(0.5,6)(7,5.5);
3;23;1;1;2.000587;0;35;(7,4.5)(1,3)(1.5,0.5)(0,5.5)(2.5,5.5)(7.5,0.5);
3;24;0;1;2.00052;1;2;(5,0.5)(7,0.5)(5,5.5)(1,6)(1,0.5)(3,0);
