PartcipantID:be17
block;trial;answer;correct;timeSpent;randomYes(1=Left:No/Right:Yes);instanceNumber;xyCoordinates;error
1;1;0;1;2.000384;0;8;(7.5,5)(2,5.5)(0,5.5)(1,1)(6,1)(4,5.5);
1;2;1;1;2.000743;0;34;(8,5.5)(2,5.5)(2,0.5)(6.5,1)(6,5.5)(0,0.5);
1;3;0;1;2.002238;0;53;(2,5)(8,5)(6.5,4.5)(1.5,1.5)(7,1.5)(4.5,0.5);
1;4;1;1;2.001235;1;17;(7,5.5)(1.5,3)(3.5,1)(6.5,1.5)(0.5,0.5)(2,5);
1;5;0;0;2.000874;1;63;(8,2.5)(6,1)(2.5,1)(0.5,6)(0,1)(4,6);
1;6;1;0;2.000704;1;21;(1.5,3)(5,5.5)(7,2.5)(0.5,5)(7.5,6)(2.5,6);
1;7;1;0;2.002165;1;2;(3.5,0.5)(5.5,6)(6.5,1.5)(1.5,6)(1,3)(1.5,0.5);
1;8;0;1;2.002051;1;26;(1,2)(6,4.5)(7.5,1)(0,4.5)(8,5.5)(5,0.5);
1;9;1;1;2.000823;1;70;(8,3)(2.5,0.5)(7,6)(0.5,6)(7.5,1)(5,5.5);
1;10;0;1;2.000405;0;49;(4.5,6)(6.5,2.5)(1.5,2.5)(5,0.5)(8,5.5)(1.5,6);
1;11;1;1;2.000533;1;12;(1.5,1.5)(5.5,5.5)(1.5,4.5)(7.5,0.5)(8,5)(5,1);
1;12;1;1;2.001118;1;55;(1.5,3.5)(4.5,0.5)(8,2)(7.5,4.5)(3.5,5.5)(0,6);
1;13;1;1;2.001294;0;71;(8,2)(3,0.5)(5.5,0.5)(0,2.5)(3.5,6)(0.5,5);
1;14;0;1;2.002417;0;45;(7.5,6)(0,3.5)(6.5,1.5)(3.5,6)(1.5,0.5)(0.5,6);
1;15;0;1;2.000261;1;40;(6,5)(1,4.5)(1,2)(5.5,1)(8,2.5)(3.5,0);
1;16;0;0;2.000469;0;31;(5.5,6)(0.5,3)(8,0.5)(8,3)(3,5.5)(1,1);
1;17;0;1;2.001775;0;46;(7.5,3.5)(1,5)(6,0.5)(3.5,0.5)(8,6)(1,1);
1;18;1;1;2.002592;0;62;(7.5,2.5)(1.5,4)(8.5,0.5)(0,1)(3,0.5)(0,6);
1;19;1;1;2.00389;0;56;(7,6)(6.5,3)(0.5,4)(1.5,1)(7,0.5)(3.5,5.5);
1;20;0;1;2.000577;1;23;(1.5,4)(8,5)(7,2)(4,0.5)(0.5,1)(5,6);
1;21;0;1;2.000864;0;47;(8,4.5)(7,2.5)(0,1)(5,0.5)(0.5,5)(3.5,6);
1;22;0;0;2.001329;1;33;(6.5,0.5)(4.5,6)(-0.5,3.5)(1.5,5)(1.5,0.5)(6.5,5);
1;23;1;1;2.001614;0;18;(7,1.5)(1.5,4.5)(7.5,5)(0.5,0.5)(3.5,0.5)(5.5,5.5);
1;24;1;0;2.002431;1;4;(6.5,1.5)(2,1)(0.5,5)(7,4.5)(4.5,0.5)(5,6);
2;1;0;1;2.001171;0;7;(5.5,0.5)(-0.5,2)(5.5,6)(8,2.5)(2.5,5.5)(1.5,0.5);
2;2;0;0;2.000054;1;64;(6.5,5)(0,3.5)(2,0.5)(2,5.5)(6.5,3)(6,1);
2;3;0;0;2.000568;0;32;(0.5,3.5)(7,3.5)(4,5.5)(2.5,1)(7,0.5)(8,6);
2;4;1;1;2.000309;0;72;(8,6)(7.5,1.5)(3,5.5)(3,0.5)(0.5,5)(8.5,4);
2;5;0;1;2.000093;1;25;(8,6)(3.5,0.5)(6,5.5)(0,5.5)(8,2)(6,1);
2;6;1;1;2.001547;0;15;(5,1)(0,0.5)(0,5.5)(7,4.5)(2,4.5)(7.5,0.5);
2;7;1;1;2.001306;0;28;(7.5,2.5)(2.5,6)(5.5,6)(8,0.5)(2.5,0.5)(0.5,4);
2;8;1;0;2.000075;1;52;(2,6)(1.5,4)(4.5,6)(7,5.5)(7.5,2)(0,1.5);
2;9;0;0;2.000906;1;13;(8,0.5)(8,5.5)(1.5,5)(5,0.5)(0,1.5)(7.5,3);
2;10;0;1;2.000308;0;39;(0.5,4)(7,1.5)(8,6)(2,1)(5.5,5.5)(0.5,6);
2;11;0;1;2.00004;0;1;(7,4)(0.5,0.5)(7.5,1.5)(1.5,4)(4.5,6)(3.5,1);
2;12;0;1;2.002041;1;42;(0,2.5)(7,3.5)(2,5.5)(8,1.5)(5.5,1)(4.5,6);
2;13;0;0;2.000961;1;66;(6.5,5)(2,6)(2,1)(1.5,3.5)(6.5,1)(8,4);
2;14;1;1;2.001779;1;60;(3.5,6)(6.5,1)(0,6)(7.5,5.5)(0,1.5)(8,3.5);
2;15;1;1;2.001632;1;59;(6.5,1.5)(0.5,1.5)(1.5,5)(4.5,0.5)(7.5,6)(4,6);
2;16;1;1;2.001894;0;29;(2.5,5.5)(6.5,3)(0.5,3)(5.5,6)(8,4.5)(5,0.5);
2;17;0;0;2.000311;0;14;(1.5,1.5)(7.5,4)(7,1)(2,6)(1.5,3.5)(5.5,6);
2;18;1;0;2.001416;1;51;(0,2)(3,0.5)(2,5.5)(8,4)(6.5,1.5)(5.5,5.5);
2;19;0;1;2.000868;1;38;(2.5,6)(2,0.5)(0,5)(4,0.5)(8,4)(7.5,1);
2;20;0;1;2.000824;0;20;(1.5,0.5)(1.5,4.5)(4.5,0.5)(6,6)(6.5,1.5)(4,5.5);
2;21;1;1;2.000141;1;67;(1.5,3)(8,2.5)(8,6)(4.5,0.5)(0.5,0.5)(1.5,6);
2;22;0;1;2.001956;1;3;(2,6)(8,3)(3.5,0.5)(7,5.5)(0.5,1)(0,3);
2;23;0;1;2.001138;0;19;(8,3.5)(4,0.5)(0,5)(1.5,0.5)(2.5,5.5)(8,1.5);
2;24;0;1;2.000123;0;54;(0.5,1)(7.5,1.5)(1,4)(5,6)(8,4.5)(3.5,0.5);
3;1;1;1;2.000916;0;16;(7,1)(7,5.5)(0.5,4)(0.5,1.5)(7,3)(4.5,6);
3;2;0;1;2.001953;1;44;(6,1)(2,6)(5.5,5.5)(1,1)(6.5,3.5)(0,6);
3;3;0;1;2.002672;0;27;(1,0.5)(0.5,4)(2,6)(8,1)(5,0.5)(6,5);
3;4;0;1;2.002622;1;41;(7.5,2.5)(5.5,1)(0.5,4)(0,1)(3,1)(7.5,5.5);
3;5;0;0;2.000224;1;36;(7.5,0.5)(0,5)(3.5,0.5)(6,4.5)(2,6)(1.5,1.5);
3;6;0;1;2.001538;0;5;(7,4)(0.5,6)(0.5,2.5)(5.5,1)(7.5,1.5)(4.5,6);
3;7;1;1;2.001457;1;35;(0.5,1.5)(1,6)(7,4)(7,1.5)(5,6)(2.5,1);
3;8;0;1;2.001709;1;50;(5,0.5)(7.5,2.5)(5.5,6)(0.5,2)(2.5,6)(7.5,5);
3;9;1;1;2.000625;0;11;(1,4)(8,2)(2,1)(6,1)(4,5.5)(7,4.5);
3;10;0;1;2.00095;0;24;(7,4)(2.5,0.5)(1,5)(4,6)(7,1)(5,1);
3;11;0;1;2.000153;0;43;(8,1.5)(4,1)(2,5.5)(1,2.5)(7.5,4.5)(5,6);
3;12;1;1;2.001277;0;57;(6.5,4)(8,6)(4,6)(0.5,4.5)(0,2)(7.5,0.5);
3;13;1;1;2.00071;1;68;(8,1)(0.5,4)(3,5.5)(6,5.5)(6.5,3.5)(6,1.5);
3;14;0;1;2.000702;1;22;(0.5,3)(5.5,6)(2.5,0.5)(8,3.5)(1,6)(5.5,0.5);
3;15;0;0;2.000722;1;30;(1,0.5)(8,4.5)(6.5,1.5)(1.5,5)(3.5,0.5)(5.5,6);
3;16;1;0;2.002229;1;9;(1.5,3.5)(6,5.5)(4,1)(8,4)(2,0.5)(2.5,6);
3;17;1;1;2.000977;0;58;(0,2.5)(0,5.5)(7.5,2.5)(3.5,0.5)(7.5,5)(1,0.5);
3;18;1;1;2.002777;1;65;(1,5.5)(0,1.5)(7.5,5)(5.5,0.5)(3,6)(8,2);
3;19;0;1;2.003175;1;37;(1.5,4.5)(7.5,0.5)(2.5,0.5)(0,0.5)(8,4)(5,0.5);
3;20;0;0;2.001184;1;61;(0.5,5)(6.5,6)(6.5,2.5)(4,0.5)(1.5,0.5)(4.5,6);
3;21;0;1;2.000282;0;48;(7,1.5)(5.5,5.5)(1,3.5)(3,6)(8,5)(1,1);
3;22;0;1;2.000511;0;6;(2,1)(7.5,1.5)(1.5,4)(4,6)(7,4.5)(1.5,6);
3;23;0;0;2.001349;0;69;(0,3)(8,2)(2.5,1)(6.5,5.5)(6,1)(1.5,6);
3;24;1;1;2.002795;0;10;(0,5.5)(8,1.5)(6,5.5)(2,0.5)(5.5,0.5)(0,3.5);
