PartcipantID:be21
block;trial;answer;correct;timeSpent;randomYes(1=Left:No/Right:Yes);instanceNumber;xyCoordinates;error
1;1;1;0;2.002268;0;9;(7,3.5)(6,1)(8,1)(0,3)(1,6)(0.5,0.5);
1;2;1;1;2.000057;0;55;(1.5,5.5)(8,5)(0.5,1.5)(6.5,1)(3.5,0.5)(3.5,6);
1;3;1;1;2.000483;1;66;(4.5,5.5)(6.5,1.5)(1,1.5)(7,5)(4,0.5)(1.5,5.5);
1;4;0;1;2.002067;1;39;(7,3.5)(5.5,1)(0.5,2)(1.5,5.5)(5,6)(8,5.5);
1;5;0;1;2.001987;1;22;(8,4.5)(2,5.5)(1,0.5)(0,2.5)(6,5.5)(3,0.5);
1;6;1;1;2.00438;1;10;(6,5)(7,2.5)(8,5.5)(0,0.5)(8,0)(1,4);
1;7;2;0;25;1;48;(1.5,3)(0,6)(8,1.5)(7,5)(5,0.5)(1.5,0.5);
1;8;0;1;2.000189;0;24;(7.5,5)(7.5,2)(0,4)(4,0.5)(2.5,6)(4.5,6);
1;9;1;1;2.00038;1;15;(1,4.5)(1,0.5)(8,5.5)(6.5,0.5)(3,5.5)(7,3);
1;10;1;1;2.001016;0;56;(-0.5,5)(6.5,2)(7.5,4.5)(1.5,1)(8,1)(1.5,4);
1;11;0;1;2.002641;0;20;(6,0.5)(2,0.5)(8,4.5)(2.5,6)(0,1.5)(6,4);
1;12;0;1;2.001686;0;52;(6,5)(7,2)(1,5.5)(1,1.5)(5,0.5)(3.5,6);
1;13;1;1;2.001499;1;30;(0,5.5)(6.5,2.5)(5.5,0)(7.5,5)(0,2.5)(2.5,1);
1;14;1;1;2.002521;0;16;(8,2)(1.5,0.5)(1,5.5)(4,6)(6,1.5)(7.5,5);
1;15;1;1;2.002467;0;34;(7,1)(3,5.5)(0.5,5.5)(1.5,1.5)(8,6)(6.5,3);
1;16;1;1;2.001475;0;69;(1,2)(4.5,0.5)(7.5,4.5)(7,2)(2,5.5)(4.5,6);
1;17;0;1;2.002249;1;46;(7.5,5)(0.5,3)(4,5.5)(6.5,2)(1,0.5)(0.5,6);
1;18;0;1;2.00044;0;50;(6.5,2.5)(5.5,5.5)(1,2)(2,6)(8,5.5)(8,0.5);
1;19;1;1;2.000684;1;59;(4,0.5)(1,0.5)(8,0.5)(6.5,3.5)(8,6)(0.5,4.5);
1;20;0;1;2.001393;1;49;(6.5,0.5)(4.5,6)(0,1.5)(2,6)(8,3)(7,6);
1;21;1;1;2.000254;1;72;(7.5,3.5)(0.5,3.5)(2,6)(6.5,6)(4.5,0.5)(8.5,0.5);
1;22;0;1;2.000293;0;5;(7.5,4)(0.5,5)(1,1)(6.5,6)(6,0.5)(8,1.5);
1;23;0;0;2.001613;1;32;(1.5,1)(6.5,3.5)(7.5,6)(0.5,5.5)(6,0.5)(2.5,6);
1;24;0;1;2.001449;0;6;(6,5.5)(2.5,6)(0,6)(7,3)(1.5,3.5)(8,0.5);
2;1;0;1;2.000021;1;41;(2,5)(0.5,2)(7.5,6)(5.5,6)(8,1)(7,3.5);
2;2;1;1;2.002095;0;29;(6,5)(7.5,2)(1.5,6)(1,1)(4,6)(3.5,0.5);
2;3;0;1;2.001971;1;42;(0.5,5.5)(7,2)(0.5,3)(4,1)(7.5,5)(3,6);
2;4;0;1;2.001904;1;26;(8,3)(6.5,5.5)(0.5,2.5)(2.5,0.5)(2,6)(4.5,0.5);
2;5;0;1;2.000125;0;45;(8,4.5)(0,5)(7.5,0.5)(1.5,2)(-0.5,0.5)(5.5,5.5);
2;6;0;1;2.00021;1;44;(0.5,3)(7.5,1)(1.5,5)(7.5,3.5)(4,0.5)(4.5,6);
2;7;0;1;2.00283;0;3;(6.5,5)(0.5,2)(-0.5,5.5)(1.5,6)(3,0)(6,0.5);
2;8;0;0;2.000269;0;14;(0.5,2)(0.5,4.5)(4.5,5.5)(7.5,2.5)(4.5,0.5)(7.5,5.5);
2;9;1;1;2.000554;0;57;(3.5,0.5)(1.5,5)(7.5,1)(0,2.5)(5.5,6)(8,4.5);
2;10;0;0;2.000848;1;36;(7,1.5)(1.5,6)(7,5)(1,3)(0.5,0.5)(3.5,6);
2;11;1;1;2.000796;1;12;(2,5)(1.5,1)(5.5,0.5)(0,4)(8,3)(7.5,0.5);
2;12;0;1;2.00104;0;8;(6.5,1.5)(1,4.5)(1.5,1.5)(7.5,5)(8.5,1)(4,6);
2;13;1;1;2.000444;1;11;(8,5.5)(6.5,2.5)(0.5,1.5)(8,0.5)(1,3.5)(0.5,6);
2;14;1;1;2.00298;0;67;(1.5,3)(7,2.5)(3,6)(5,0.5)(1,0.5)(7,5);
2;15;1;0;2.000472;0;43;(7.5,1.5)(0,3)(7,4.5)(2.5,6)(0,5)(1,1);
2;16;0;1;2.002018;1;40;(0,1.5)(1.5,5)(7.5,5)(7,1.5)(2,1)(4.5,0.5);
2;17;1;1;2.001001;0;31;(0,6)(1,2.5)(1.5,0.5)(6.5,3)(7.5,5)(5.5,6);
2;18;0;1;2.000651;1;27;(0.5,5.5)(7.5,6)(5,6)(7,0.5)(0,1)(7.5,3.5);
2;19;1;1;2.001787;1;58;(1,5.5)(0.5,3)(7.5,1.5)(8,5)(3,6)(1,0);
2;20;1;1;2.002962;0;63;(7,2)(2,0.5)(2.5,5.5)(1.5,3)(0.5,6)(6,5);
2;21;1;1;2.00043;1;71;(7,5.5)(0.5,2.5)(0.5,5)(8,0.5)(5,6)(7,3);
2;22;0;1;2.000328;0;2;(5.5,0.5)(7,2.5)(5,5.5)(0,4.5)(7.5,5.5)(2,1);
2;23;0;1;2.000242;1;19;(6.5,4.5)(2,6)(1,3.5)(2,1)(6.5,2)(4.5,6);
2;24;1;1;2.000838;0;70;(6,4)(7,0.5)(4,6)(1,1)(0.5,4)(8.5,4.5);
3;1;1;1;2.000128;0;61;(8,2.5)(6,4)(6,1)(0,5)(0.5,1.5)(8,5);
3;2;0;1;2.002149;1;23;(1.5,1)(6,1)(8,4.5)(0,3.5)(8,2)(5.5,6);
3;3;0;0;2.001689;1;13;(2.5,6)(0.5,1)(5,6)(8,3.5)(-0.5,4)(7,1);
3;4;1;1;2.000873;0;35;(1.5,4)(8,5)(3,0.5)(5.5,6)(7,2.5)(0.5,0.5);
3;5;1;1;2.002701;1;68;(8,3)(1,0.5)(2.5,5.5)(0.5,5.5)(6.5,0.5)(4,1);
3;6;0;1;2.00141;1;21;(0,1)(4.5,6)(7.5,1.5)(1,4.5)(5.5,1)(6.5,4);
3;7;1;1;2.001026;0;28;(6.5,6)(1,0.5)(7.5,1)(1.5,3.5)(4.5,0.5)(6.5,3);
3;8;1;1;2.000684;1;18;(3,6)(6.5,3.5)(5.5,1)(7.5,0.5)(0,1)(1,3);
3;9;0;1;2.000037;0;47;(8,4.5)(4.5,6)(1.5,5.5)(1.5,0)(7,2)(1.5,3);
3;10;0;1;2.000377;0;38;(0.5,5)(6.5,3.5)(2.5,6)(0.5,1)(6,1)(2.5,0.5);
3;11;0;1;2.002192;0;7;(1.5,1.5)(0.5,4.5)(7,3)(4.5,6)(7.5,0.5)(4,0.5);
3;12;1;0;2.003181;1;4;(4,6)(1,5.5)(7.5,3.5)(7.5,5.5)(1.5,1)(1.5,3.5);
3;13;0;1;2.00001;1;54;(7.5,3)(3.5,6)(1,5.5)(0.5,2)(6.5,5.5)(8,0.5);
3;14;1;1;2.002044;0;65;(0,5)(6.5,2.5)(1.5,6)(0,2.5)(1.5,0.5)(6.5,5);
3;15;0;0;2.000622;0;33;(7.5,3.5)(6,6)(0,2)(7,0.5)(2,5)(5,0.5);
3;16;1;1;2.000761;1;60;(3.5,0.5)(7.5,5)(6,0.5)(0.5,1.5)(1.5,4)(5.5,6);
3;17;0;0;2.001952;0;64;(0.5,4)(7,5.5)(6.5,1.5)(1,1)(1.5,6)(4.5,0.5);
3;18;0;1;2.001253;1;53;(1,3.5)(6,3.5)(2.5,0.5)(6.5,0.5)(0,0.5)(6.5,5.5);
3;19;1;1;2.001462;0;62;(5.5,0.5)(7,6)(0.5,1.5)(0.5,5.5)(8,1)(8,3);
3;20;1;1;2.002575;0;17;(8,6)(1,4)(3,6)(6.5,2)(4,0.5)(0,0.5);
3;21;0;1;2.001118;1;51;(0.5,5.5)(1,2)(2.5,6)(6.5,3.5)(7.5,1.5)(6.5,6);
3;22;0;1;2.001815;1;37;(8,3.5)(5,0.5)(0,1.5)(1,3.5)(7,6)(5,6);
3;23;0;1;2.00184;0;25;(0,1.5)(2,0.5)(8,1)(1,5)(4.5,0.5)(6.5,6);
3;24;0;1;2.000132;1;1;(7.5,3)(0.5,5)(2.5,6)(3.5,0.5)(7,5.5)(6.5,1);
