PartcipantID:be22
InitialTimeStamp:15-41-55-005
1:ItemsNoQuestion;11:ItemsWithQuestion;2:AnswerScreen;21:ParticipantsAnswer;3:InterTrialScreen;4:InterBlockScreen;5:EndScreen
block;trial;eventType;elapsedTime
1;1;1;73
1;1;11;3082
1;1;2;25112
1;1;21;26283
1;1;3;27144
1;2;1;32201
1;2;11;35199
1;2;2;57228
1;2;21;58533
1;2;3;59262
1;3;1;64320
1;3;11;67317
1;3;2;89347
1;3;21;90685
1;3;3;91378
1;4;1;96435
1;4;11;99435
1;4;2;121479
1;4;21;122469
1;4;3;123514
1;5;1;128571
1;5;11;131570
1;5;2;153599
1;5;21;154836
1;5;3;155631
1;6;1;160689
1;6;11;163688
1;6;2;185732
1;6;21;186671
1;6;3;187766
1;7;1;192824
1;7;11;195822
1;7;2;217851
1;7;21;218905
1;7;3;219883
1;8;1;224942
1;8;11;227940
1;8;2;249969
1;8;21;251389
1;8;3;252001
1;9;1;257059
1;9;11;260057
1;9;2;282102
1;9;21;283475
1;9;3;284135
1;10;1;289193
1;10;11;292191
1;10;2;314221
1;10;21;315159
1;10;3;316252
1;11;1;321311
1;11;11;324310
1;11;2;346338
1;11;21;347377
1;11;3;348371
1;12;1;353429
1;12;11;356427
1;12;2;378457
1;12;21;379562
1;12;3;380489
1;13;1;385547
1;13;11;388545
1;13;2;410574
1;13;21;412329
1;13;3;412607
1;14;1;417664
1;14;11;420663
1;14;2;442692
1;14;21;443630
1;14;3;444725
1;15;1;449781
1;15;11;452781
1;15;2;474810
1;15;21;475898
1;15;3;476843
1;16;1;481900
1;16;11;484899
1;16;2;506928
1;16;21;508466
1;16;3;508960
1;17;1;514018
1;17;11;517016
1;17;2;539045
1;17;21;540184
1;17;3;541078
1;18;1;546136
1;18;11;549134
1;18;2;571164
1;18;21;573000
1;18;3;573196
1;19;1;578254
1;19;11;581252
1;19;2;603280
1;19;21;604319
1;19;3;605313
1;20;1;610371
1;20;11;613370
1;20;2;635398
1;20;21;636454
1;20;3;637431
1;21;1;642488
1;21;11;645488
1;21;2;667532
1;21;21;668571
1;21;3;669565
1;22;1;674622
1;22;11;677622
1;22;2;699651
1;22;21;700622
1;22;3;701683
1;23;1;706741
1;23;11;709739
1;23;2;731769
1;23;21;732790
1;23;3;733801
1;24;1;738857
1;24;11;741857
1;24;2;763886
1;24;21;765025
1;24;3;765919
2;0;4;770975
2;1;1;831015
2;1;11;834011
2;1;2;856040
2;1;21;857095
2;1;3;858071
2;2;1;863130
2;2;11;866128
2;2;2;888158
2;2;21;889345
2;2;3;890189
2;3;1;895247
2;3;11;898246
2;3;2;920290
2;3;21;921547
2;3;3;922324
2;4;1;927383
2;4;11;930380
2;4;2;952410
2;4;21;953631
2;4;3;954442
2;5;1;959499
2;5;11;962498
2;5;2;984526
2;5;21;985832
2;5;3;986560
2;6;1;991616
2;6;11;994615
2;6;2;1016643
2;6;21;1017600
2;6;3;1018678
2;7;1;1023736
2;7;11;1026733
2;7;2;1048762
2;7;21;1049851
2;7;3;1050794
2;8;1;1055836
2;8;11;1058835
2;8;2;1080864
2;8;21;1082269
2;8;3;1082896
2;9;1;1087954
2;9;11;1090952
2;9;2;1112982
2;9;21;1114220
2;9;3;1115015
2;10;1;1120071
2;10;11;1123070
2;10;2;1145100
2;10;21;1146204
2;10;3;1147132
2;11;1;1152190
2;11;11;1155187
2;11;2;1177217
2;11;21;1178339
2;11;3;1179249
2;12;1;1184307
2;12;11;1187305
2;12;2;1209335
2;12;21;1210207
2;12;3;1211367
2;13;1;1216423
2;13;11;1219424
2;13;2;1241452
2;13;21;1242475
2;13;3;1243485
2;14;1;1248542
2;14;11;1251541
2;14;2;1273570
2;14;21;1275192
2;14;3;1275603
2;15;1;1280661
2;15;11;1283659
2;15;2;1305687
2;15;21;1307193
2;15;3;1307720
2;16;1;1312778
2;16;11;1315776
2;16;2;1337805
2;16;21;1338844
2;16;3;1339838
2;17;1;1344894
2;17;11;1347895
2;17;2;1369922
2;17;21;1370795
2;17;3;1371956
2;18;1;1377014
2;18;11;1380013
2;18;2;1402041
2;18;21;1402780
2;18;3;1404075
2;19;1;1409131
2;19;11;1412130
2;19;2;1434160
2;19;21;1435481
2;19;3;1436191
2;20;1;1441248
2;20;11;1444248
2;20;2;1466277
2;20;21;1467166
2;20;3;1468310
2;21;1;1473367
2;21;11;1476365
2;21;2;1498395
2;21;21;1499817
2;21;3;1500427
2;22;1;1505485
2;22;11;1508483
2;22;2;1530513
2;22;21;1531601
2;22;3;1532546
2;23;1;1537602
2;23;11;1540600
2;23;2;1562631
2;23;21;1564386
2;23;3;1564664
2;24;1;1569720
2;24;11;1572719
2;24;2;1594748
2;24;21;1595820
2;24;3;1596780
3;0;4;1601838
3;1;1;1661889
3;1;11;1664889
3;1;2;1686935
3;1;21;1687739
3;1;3;1688967
3;2;1;1694024
3;2;11;1697024
3;2;2;1719052
3;2;21;1719873
3;2;3;1721086
3;3;1;1726143
3;3;11;1729141
3;3;2;1751169
3;3;21;1752408
3;3;3;1753203
3;4;1;1758260
3;4;11;1761258
3;4;2;1783288
3;4;21;1783993
3;4;3;1785321
3;5;1;1790377
3;5;11;1793376
3;5;2;1815406
3;5;21;1816561
3;5;3;1817438
3;6;1;1822495
3;6;11;1825494
3;6;2;1847523
3;6;21;1848712
3;6;3;1849556
3;7;1;1854614
3;7;11;1857612
3;7;2;1879641
3;7;21;1880663
3;7;3;1881673
3;8;1;1886731
3;8;11;1889730
3;8;2;1911758
3;8;21;1912797
3;8;3;1913790
3;9;1;1918847
3;9;11;1921847
3;9;2;1943876
3;9;21;1944731
3;9;3;1945909
3;10;1;1950965
3;10;11;1953965
3;10;2;1975995
3;10;21;1977733
3;10;3;1978027
3;11;1;1983084
3;11;11;1986083
3;11;2;2008112
3;11;21;2009533
3;11;3;2010145
3;12;1;2015202
3;12;11;2018201
3;12;2;2040247
3;12;21;2041318
3;12;3;2042279
3;13;1;2047337
3;13;11;2050335
3;13;2;2072365
3;13;21;2073686
3;13;3;2074396
3;14;1;2079454
3;14;11;2082453
3;14;2;2104482
3;14;21;2105220
3;14;3;2106515
3;15;1;2111571
3;15;11;2114571
3;15;2;2136600
3;15;21;2137488
3;15;3;2138633
3;16;1;2143689
3;16;11;2146688
3;16;2;2168717
3;16;21;2169790
3;16;3;2170750
3;17;1;2175807
3;17;11;2178807
3;17;2;2200836
3;17;21;2202224
3;17;3;2202868
3;18;1;2207924
3;18;11;2210924
3;18;2;2232954
3;18;21;2234042
3;18;3;2234985
3;19;1;2240042
3;19;11;2243042
3;19;2;2265071
3;19;21;2265792
3;19;3;2267105
3;20;1;2272161
3;20;11;2275160
3;20;2;2297188
3;20;21;2298127
3;20;3;2299221
3;21;1;2304279
3;21;11;2307278
3;21;2;2329309
3;21;21;2330078
3;21;3;2331338
3;22;1;2336396
3;22;11;2339395
3;22;2;2361424
3;22;21;2362629
3;22;3;2363456
3;23;1;2368514
3;23;11;2371513
3;23;2;2393541
3;23;21;2394646
3;23;3;2395575
3;24;1;2400632
3;24;11;2403631
3;24;2;2425660
3;24;21;2426598
3;24;3;2427694
3;24;5;2432748
