PartcipantID:be22
block;trial;answer;correct;timeSpent;randomYes(1=Left:No/Right:Yes);instanceNumber;xyCoordinates;error
1;1;1;1;2.005699;0;58;(1,3)(0.5,1)(7,3.5)(7,0.5)(1.5,6)(4,5.5);
1;2;0;1;2.001713;0;42;(6.5,4)(0.5,1.5)(6.5,0.5)(-0.5,4)(4,0.5)(5,6);
1;3;1;1;2.002851;1;12;(7.5,2)(7.5,4.5)(1,5)(1,1)(5,6)(4,0.5);
1;4;0;1;2.001695;1;7;(6,5.5)(8,6)(3,6)(1.5,0.5)(0.5,4.5)(8,2);
1;5;1;1;2.00219;1;62;(8,2.5)(3.5,6)(3,1)(1.5,4)(7,6)(0,6);
1;6;0;1;2.002393;0;23;(4,6)(1,6)(1,1)(8,4)(0.5,4)(4.5,0.5);
1;7;0;1;2.003915;1;49;(7.5,3)(1.5,2)(0,4.5)(4.5,6)(7.5,1)(2,6);
1;8;0;1;2.003565;0;39;(1.5,4.5)(2,1)(7,1)(8,6)(8,3)(5,6);
1;9;1;1;2.003011;1;30;(8.5,2)(6.5,3.5)(1,0.5)(7.5,5.5)(0.5,3)(4,1);
1;10;1;1;2.002523;0;57;(0,0.5)(3,0.5)(7,4)(5.5,1)(1,5)(7.5,1.5);
1;11;1;1;2.003653;1;16;(7,5)(0,0.5)(1,5.5)(7.5,1)(5.5,1)(2.5,0.5);
1;12;0;1;2.004153;0;26;(7,4)(-0.5,2.5)(2,0.5)(8,1)(1.5,6)(6,0.5);
1;13;0;1;2.004518;0;48;(0.5,5.5)(2,0.5)(7,5.5)(8,2)(5.5,0.5)(0,3);
1;14;0;1;2.003273;1;38;(2.5,0.5)(8,1.5)(7,4)(0,4)(0,1)(2,5.5);
1;15;1;1;2.00391;1;29;(2,5.5)(6,2)(0.5,3.5)(0,1)(8,3.5)(3,0.5);
1;16;1;0;2.003001;1;9;(2.5,6)(5.5,6)(1,3)(7,3)(1.5,0.5)(0,6);
1;17;1;1;2.003449;0;65;(3,5.5)(1,5)(1.5,2.5)(8,1)(8,5.5)(1.5,0.5);
1;18;1;1;2.004776;0;66;(7.5,1.5)(1.5,4)(1,1)(6.5,5.5)(4.5,0.5)(3.5,6);
1;19;1;0;2.003231;0;51;(6.5,1)(8,4.5)(0.5,4)(3.5,6)(0,1)(2.5,0.5);
1;20;1;0;2.003101;0;22;(7.5,1.5)(1.5,6)(4,6)(4,0.5)(6.5,6)(0,3);
1;21;0;1;2.002879;1;5;(4,5.5)(8,3)(1,4.5)(8.5,1)(6.5,0.5)(1,2);
1;22;1;1;2.004155;1;14;(1.5,0)(1,3)(7.5,0.5)(3,6)(4,0.5)(7.5,5);
1;23;1;1;2.003314;1;61;(6.5,5)(6.5,2.5)(1.5,0.5)(0.5,3)(2,6)(5,0.5);
1;24;1;1;2.003673;0;32;(1.5,4.5)(6.5,1)(7.5,5)(5.5,5.5)(4,0.5)(0.5,0.5);
2;1;1;1;2.002837;1;34;(6.5,1.5)(0.5,0.5)(8,5)(5.5,5.5)(3,6)(3,0.5);
2;2;1;1;2.001249;0;11;(1,4.5)(8.5,2)(7,3)(6,0.5)(1,2)(3.5,6);
2;3;1;1;2.002918;1;70;(1.5,0.5)(1.5,5.5)(7,2.5)(8,6)(1,3)(6,5);
2;4;0;0;2.002195;0;33;(5,6)(1.5,3.5)(8.5,5)(7,3)(0,1)(1,6);
2;5;1;0;2.00388;0;24;(0.5,3.5)(7,2)(3.5,6)(4.5,1)(7.5,4.5)(0.5,1.5);
2;6;0;1;2.002507;1;41;(6.5,6)(6.5,3)(1.5,3)(0.5,0.5)(4.5,0)(1.5,5.5);
2;7;0;1;2.003655;0;52;(1.5,6)(0,5)(6.5,1.5)(0.5,2.5)(7,4.5)(5,6);
2;8;1;0;2.003729;0;3;(5.5,0.5)(6.5,4)(0,0.5)(1.5,5)(4,5.5)(3,0.5);
2;9;0;0;2.006153;1;28;(7.5,3)(3,6)(6.5,5.5)(7,1)(0.5,6)(0.5,4);
2;10;1;1;2.004348;1;55;(7,2)(8,5.5)(0.5,2.5)(3,6)(6,4)(4.5,0.5);
2;11;0;1;2.003297;1;2;(6,6)(0,3)(6.5,1.5)(0.5,6)(8,4)(1.5,0.5);
2;12;0;1;2.003203;1;54;(0,4)(7,1.5)(7,5.5)(2,5.5)(4,6)(1.5,1);
2;13;1;0;2.00428;1;8;(0,3)(6.5,4.5)(8,0.5)(0,5.5)(3,1)(8,5.5);
2;14;0;1;2.003329;0;40;(3,6)(7.5,4)(0.5,3.5)(5,0.5)(1,1.5)(8,1);
2;15;0;1;2.002689;0;47;(0,6)(7.5,5)(7.5,1.5)(5,5.5)(0,2.5)(3,0.5);
2;16;1;1;2.003711;0;10;(7,3)(0.5,3.5)(0.5,1.5)(7.5,5.5)(2.5,0)(6.5,1);
2;17;1;1;2.002388;0;56;(0,5.5)(6.5,1)(0,3)(7.5,4)(4,6)(0.5,0.5);
2;18;1;1;2.003303;0;71;(8,5)(0,3.5)(2,0.5)(6.5,0.5)(7,3)(2.5,6);
2;19;1;1;2.003153;1;68;(7,0.5)(0.5,4.5)(8,4)(6,6)(2.5,1)(0,1);
2;20;0;1;2.001758;1;44;(7.5,3)(0.5,1)(5.5,0.5)(1,3.5)(6.5,5.5)(2,5.5);
2;21;0;1;2.003947;1;27;(0.5,5)(7.5,4.5)(5,0.5)(7,2)(4,6)(1,2.5);
2;22;1;1;2.003865;1;67;(0,5)(5.5,5.5)(8,5.5)(8,1)(7.5,3.5)(2.5,0.5);
2;23;0;1;2.004307;0;20;(7,1)(1,2)(7.5,5)(4,0.5)(0.5,4.5)(2,6);
2;24;1;1;2.002098;0;17;(2,1)(5.5,1)(1,6)(4,6)(7,3)(1,3);
3;1;1;1;2.00284;0;31;(6.5,3.5)(6.5,6)(2,5.5)(7,1)(1,1)(1,3);
3;2;0;1;2.003202;1;1;(7,5)(1.5,5)(6,1)(1,2.5)(0,0.5)(2.5,0.5);
3;3;0;1;2.001939;1;53;(4.5,0)(0.5,0)(7,2)(6,6)(1.5,5.5)(1,2);
3;4;0;1;2.004357;1;25;(4,6)(0,2)(2,6)(6.5,4.5)(3.5,0.5)(0,4);
3;5;1;1;2.004464;1;64;(2.5,0.5)(0,5)(7.5,2)(0.5,2)(5.5,5.5)(3,6);
3;6;0;1;2.003932;1;21;(6,2)(1,0.5)(3,5.5)(6.5,5)(0.5,6)(8,1);
3;7;1;1;2.003556;1;60;(7,3)(7.5,5.5)(5,0.5)(0,2.5)(2,0.5)(4.5,6);
3;8;1;1;2.000484;0;69;(1,3)(8,5.5)(1,1)(5,5.5)(1.5,5)(5,1);
3;9;1;0;2.003874;0;6;(1,1.5)(8,4.5)(0.5,4.5)(7.5,2)(4.5,0.5)(2.5,6);
3;10;0;0;2.004006;0;36;(0,1)(0,6)(4,0.5)(6,4.5)(1,4)(8,1.5);
3;11;0;1;2.003113;0;50;(1,0.5)(0.5,4.5)(4,6)(8,4.5)(7.5,2)(5,0.5);
3;12;0;1;2.004325;0;45;(0.5,1.5)(7.5,0.5)(3,0)(1,6)(1,3.5)(8,3.5);
3;13;1;1;2.004403;0;18;(4.5,6)(6.5,1)(4.5,0.5)(8.5,3.5)(0.5,1.5)(7,5);
3;14;1;1;2.00289;1;15;(8,1)(1,2.5)(7,6)(4.5,0.5)(4.5,5.5)(1,5.5);
3;15;1;1;2.003186;1;72;(1.5,3)(0,6)(7.5,0.5)(3.5,6)(2.5,0.5)(-0.5,0);
3;16;1;1;2.006669;1;35;(2,1)(3,6)(6,5.5)(8,0.5)(5.5,0.5)(8,3.5);
3;17;0;1;2.002806;0;19;(0,5.5)(6.5,1.5)(1,3)(0.5,0.5)(8,6)(6,5.5);
3;18;0;1;2.003243;0;46;(0.5,2.5)(7,5)(1.5,5)(7,2.5)(5,0.5)(4.5,6);
3;19;1;1;2.002441;0;59;(0.5,4.5)(1.5,1)(6.5,5)(4,6)(6,1)(8,1.5);
3;20;0;0;2.003325;1;13;(0,3.5)(4,0.5)(7,3.5)(0,1)(7.5,1)(0,6);
3;21;0;1;2.002298;1;37;(4.5,0.5)(6.5,5.5)(1.5,2)(6.5,2)(1.5,4.5)(4,6);
3;22;0;1;2.00069;0;4;(8,4)(1.5,1)(0,5.5)(7.5,1.5)(2.5,5.5)(4.5,6);
3;23;1;0;2.003371;1;43;(5.5,5.5)(5.5,1)(1.5,0.5)(0,6)(8,2)(3,6);
3;24;1;1;2.003008;0;63;(1,4)(6.5,5)(3.5,6)(7,2.5)(1,1.5)(3.5,0.5);
