PartcipantID:be16
block;trial;submitted;timeSpent;instanceNumber;capacity;itemsSelected;capacitySel;profitSel;itemsOpt;capacityOpt;profitOpt;correct;xyCoordinates;error
1;1;0;60.00628;16;70;1,1,0,0,0,1;31;70;1,1,0,0,0,1;31;70;1;(0.5,6)(6.5,4.5)(3,0.5)(3.5,6)(1.5,3)(6.5,1);
1;2;1;31.02218;17;85;0,1,0,1,1,0;70;95;0,1,0,1,1,0;70;95;1;(8,6)(1,4)(6.5,2.5)(3,0.5)(0,0.5)(7,0.5);
1;3;1;47.12045;8;82;0,0,0,1,1,1;76;86;0,0,0,1,1,1;76;86;1;(7,3)(0,4)(1.5,0.5)(2,5)(6.5,5)(0,6);
1;4;1;30.20564;1;69;1,1,1,0,0,0;56;126;1,1,1,0,0,0;56;126;1;(0,1.5)(7.5,2)(2,5)(5.5,6)(0,4.5)(5.5,1);
1;5;0;60.00568;3;53;1,0,1,0,0,1;45;89;1,1,1,0,0,1;52;96;0;(0.5,1.5)(2.5,0.5)(1.5,5.5)(6.5,4)(7,0.5)(4,6);
1;6;0;60.00737;5;57;1,1,1,0,0,0;57;90;1,1,1,0,0,0;57;90;1;(7,6)(2.5,0.5)(0,2.5)(3,6)(8.5,0)(6,1.5);
1;7;0;60.00703;7;61;1,1,0,0,1,1;62;121;0,1,0,0,1,1;35;114;0;(8,4)(0,4.5)(5.5,6)(1,0.5)(7,1)(8,6);
1;8;0;60.00727;18;52;1,1,1,0,0,0;49;113;1,1,1,0,0,0;49;113;1;(2,0.5)(8,1.5)(1,5)(6,5)(4.5,1)(8,5);
1;9;1;53.30727;12;83;1,0,0,0,1,1;79;111;1,0,0,0,1,1;79;111;1;(8,1)(7.5,3.5)(0,1.5)(1.5,5)(3,0.5)(6.5,6);
2;1;1;42.37187;2;47;1,1,0,0,1,0;42;120;1,1,0,0,1,0;42;120;1;(0.5,5.5)(6.5,3.5)(2,0.5)(7.5,1)(0,3)(8,6);
2;2;1;27.02042;15;39;1,0,1,1,1,0;33;58;1,0,1,1,1,0;33;58;1;(2,6)(6.5,5.5)(1.5,1)(1.5,4)(6,0.5)(4.5,6);
2;3;1;23.59031;14;55;0,1,0,1,1,1;46;145;0,1,0,1,1,1;46;145;1;(4.5,6)(8,1.5)(1,2.5)(4.5,0.5)(7,6)(0.5,5);
2;4;0;60.0079;4;72;1,0,1,0,0,1;67;85;1,0,1,0,0,1;67;85;1;(1.5,3.5)(6.5,4)(1.5,1)(6,1)(8,2)(2,6);
2;5;1;47.08986;13;66;1,1,0,0,1,0;64;79;1,1,0,0,1,0;64;79;1;(7,2)(1.5,1)(5.5,5.5)(5,1)(0.5,4)(8,5.5);
2;6;1;36.5045;6;92;0,0,1,0,1,1;89;93;0,0,1,0,1,1;89;93;1;(1,6)(0.5,1.5)(0,3.5)(8,3)(7.5,0.5)(7.5,5.5);
2;7;0;60.0079;9;55;1,0,1,0,1,1;61;78;0,1,0,0,1,1;54;81;0;(7.5,2)(0.5,5.5)(5,6)(5.5,1)(8,4.5)(1,3);
2;8;0;60.00716;10;56;1,0,1,0,1,0;23;91;1,0,1,0,0,1;46;94;0;(0.5,5.5)(7,1)(4.5,6)(2.5,1)(0,0.5)(6.5,4);
2;9;1;34.95543;11;95;1,0,1,1,0,0;90;129;1,0,1,1,0,0;90;129;1;(0,4)(8,6)(0.5,0.5)(6.5,1)(3,0.5)(4,6);
