PartcipantID:be20
block;trial;submitted;timeSpent;instanceNumber;capacity;itemsSelected;capacitySel;profitSel;itemsOpt;capacityOpt;profitOpt;correct;xyCoordinates;error
1;1;1;43.57176;10;56;1,0,1,0,1,0;23;91;1,0,1,0,0,1;46;94;0;(3.5,5.5)(7,2)(8,5)(5,0.5)(1,2.5)(6,6);
1;2;1;30.72091;6;92;0,0,1,0,1,1;89;93;0,0,1,0,1,1;89;93;1;(0.5,1)(8,5)(0,5.5)(6,5.5)(6.5,1)(1,3.5);
1;3;1;33.60431;15;39;1,0,1,1,1,0;33;58;1,0,1,1,1,0;33;58;1;(0,3.5)(0.5,1)(7,1)(3,5.5)(7,4.5)(0,6);
1;4;1;42.1699;4;72;1,0,1,0,0,1;67;85;1,0,1,0,0,1;67;85;1;(8,2)(3.5,6)(1,1)(1.5,4)(6.5,5)(5,0.5);
1;5;1;39.68703;2;47;1,1,0,0,1,0;42;120;1,1,0,0,1,0;42;120;1;(1.5,3)(5.5,0.5)(8,2.5)(0.5,5.5)(5.5,6)(8,5);
1;6;1;39.53864;16;70;1,1,0,0,0,1;31;70;1,1,0,0,0,1;31;70;1;(1.5,0.5)(0,4.5)(6.5,4.5)(4.5,6)(8,2.5)(5,0.5);
1;7;1;46.30467;9;55;0,1,1,0,1,0;47;77;0,1,0,0,1,1;54;81;0;(0,1)(7.5,2)(5,6)(2.5,0.5)(7.5,4)(1,4.5);
1;8;1;35.20512;12;83;1,0,0,0,1,1;79;111;1,0,0,0,1,1;79;111;1;(7.5,3.5)(0.5,2.5)(6.5,1.5)(5.5,5.5)(8,6)(2,5);
1;9;1;27.08815;18;52;1,1,1,0,0,0;49;113;1,1,1,0,0,0;49;113;1;(2,5.5)(7.5,4.5)(0.5,3.5)(2,0.5)(8,2.5)(6,1);
2;1;1;44.15495;3;53;1,1,1,0,0,1;52;96;1,1,1,0,0,1;52;96;1;(1,4)(8.5,2)(2,0)(7,4.5)(6,1)(3,6);
2;2;1;42.65477;1;69;1,1,1,0,0,0;56;126;1,1,1,0,0,0;56;126;1;(7.5,3.5)(1,5)(0.5,3)(8,1)(1.5,0.5)(7.5,6);
2;3;1;32.98742;13;66;1,1,0,0,1,0;64;79;1,1,0,0,1,0;64;79;1;(7,3.5)(7.5,0.5)(5.5,6)(0,2)(0.5,6)(3,6);
2;4;1;35.53876;8;82;0,0,0,1,1,1;76;86;0,0,0,1,1,1;76;86;1;(8,4)(2,5)(1,1)(5.5,0.5)(5,5.5)(0,3.5);
2;5;1;28.40546;11;95;1,0,1,1,0,0;90;129;1,0,1,1,0,0;90;129;1;(7.5,2)(2,5.5)(5.5,5.5)(2.5,0.5)(0.5,3)(7.5,4.5);
2;6;1;26.58762;17;85;0,1,0,1,1,0;70;95;0,1,0,1,1,0;70;95;1;(0.5,4.5)(7,1)(0.5,2.5)(7,5.5)(2.5,6)(1.5,0.5);
2;7;0;60.00526;7;61;1,1,0,0,1,1;62;121;0,1,0,0,1,1;35;114;0;(-0.5,3)(7,0.5)(7.5,4.5)(0.5,5.5)(4,0.5)(3.5,5.5);
2;8;1;19.72044;14;55;0,1,0,1,1,1;46;145;0,1,0,1,1,1;46;145;1;(4,6)(4.5,0)(1,2)(6.5,2.5)(6.5,6)(7.5,0.5);
2;9;1;47.95406;5;57;1,1,1,0,0,0;57;90;1,1,1,0,0,0;57;90;1;(1.5,3.5)(2,6)(0.5,1)(7,5.5)(-0.5,5)(7,3);
