PartcipantID:be23
block;trial;submitted;timeSpent;instanceNumber;capacity;itemsSelected;capacitySel;profitSel;itemsOpt;capacityOpt;profitOpt;correct;xyCoordinates;error
1;1;0;60.00204;15;39;1,0,1,1,1,0;33;58;1,0,1,1,1,0;33;58;1;(0.5,1.5)(7.5,1.5)(0.5,6)(7,5.5)(4.5,0.5)(0,4);
1;2;0;60.00208;8;82;0,0,0,1,1,1;76;86;0,0,0,1,1,1;76;86;1;(7.5,4.5)(3,6)(0,3)(2.5,1)(6,0.5)(0.5,6);
1;3;0;60.00295;4;72;1,0,1,0,0,1;67;85;1,0,1,0,0,1;67;85;1;(1,2)(8,6)(7.5,3.5)(7.5,0.5)(1,4.5)(5,6);
1;4;1;40.04794;17;85;0,1,0,1,1,0;70;95;0,1,0,1,1,0;70;95;1;(6.5,5)(1,2.5)(5,0.5)(7.5,2.5)(3,0.5)(1.5,6);
1;5;1;44.35742;6;92;0,0,1,0,1,1;89;93;0,0,1,0,1,1;89;93;1;(6,1)(7.5,6)(1,3)(1,1)(6.5,3.5)(3,6);
1;6;0;60.00143;2;47;1,1,0,0,1,0;42;120;1,1,0,0,1,0;42;120;1;(6.5,1)(4.5,6)(2.5,5.5)(0,4.5)(1.5,1)(6.5,5);
1;7;1;42.27512;18;52;1,1,1,0,0,0;49;113;1,1,1,0,0,0;49;113;1;(4,0.5)(0.5,5)(0.5,0.5)(4,6)(7,4)(7.5,6);
1;8;0;60.00257;10;56;1,0,1,0,1,0;23;91;1,0,1,0,0,1;46;94;0;(8,0.5)(3.5,0.5)(1,3.5)(4.5,6)(7,4)(1,6);
1;9;0;60.00162;7;61;0,1,0,0,1,1;35;114;0,1,0,0,1,1;35;114;1;(6.5,0.5)(6,6)(1.5,3.5)(7,3.5)(2,6)(1,1);
2;1;0;60.00284;3;53;1,1,1,0,0,1;52;96;1,1,1,0,0,1;52;96;1;(0.5,1.5)(1,4.5)(7.5,1)(7.5,6)(4.5,0.5)(4,6);
2;2;0;60.00006;16;70;1,1,0,0,0,1;31;70;1,1,0,0,0,1;31;70;1;(4.5,6)(6.5,4)(7,2)(0,4.5)(1.5,1)(1.5,5.5);
2;3;0;60.00171;11;95;1,0,1,1,0,0;90;129;1,0,1,1,0,0;90;129;1;(6.5,1.5)(1.5,3)(0,5)(2.5,6)(7,6)(5,6);
2;4;0;60.00013;14;55;0,1,0,1,1,1;46;145;0,1,0,1,1,1;46;145;1;(0,6)(7.5,5)(2,6)(6.5,0.5)(0,3.5)(7.5,3);
2;5;0;60.00185;12;83;1,0,0,0,1,1;79;111;1,0,0,0,1,1;79;111;1;(0.5,6)(5.5,1)(8,1)(2.5,5.5)(0.5,0.5)(7.5,3.5);
2;6;0;60.00132;1;69;1,1,1,0,0,0;56;126;1,1,1,0,0,0;56;126;1;(7,6)(0.5,0.5)(0,3.5)(7.5,1.5)(1.5,6)(7.5,4);
2;7;1;40.1181;5;57;1,1,1,0,0,0;57;90;1,1,1,0,0,0;57;90;1;(6.5,3.5)(8,6)(4.5,5.5)(1.5,4.5)(3,0.5)(0.5,1.5);
2;8;0;60.00085;13;66;1,1,0,0,1,0;64;79;1,1,0,0,1,0;64;79;1;(1,4)(7,4)(8,1)(0,0.5)(2.5,0.5)(5.5,1);
2;9;0;60.0018;9;55;0,1,0,0,1,1;54;81;0,1,0,0,1,1;54;81;1;(1.5,3.5)(0.5,0.5)(6,0.5)(7,3)(1.5,5.5)(6.5,5);
