PartcipantID:be26
block;trial;submitted;timeSpent;instanceNumber;capacity;itemsSelected;capacitySel;profitSel;itemsOpt;capacityOpt;profitOpt;correct;xyCoordinates;error
1;1;0;60.00251;6;92;0,0,1,0,1,1;89;93;0,0,1,0,1,1;89;93;1;(8,1.5)(0,4.5)(7,4.5)(1,2.5)(3,0.5)(2,6);
1;2;1;37.6535;8;82;0,0,0,1,1,1;76;86;0,0,0,1,1,1;76;86;1;(0,2)(7,6)(2.5,6)(8,3)(0,4.5)(7.5,0.5);
1;3;1;23.88586;14;55;0,1,0,1,1,1;46;145;0,1,0,1,1,1;46;145;1;(1,3)(3,0.5)(1,6)(5.5,6)(7.5,3.5)(0.5,0.5);
1;4;1;22.38779;3;53;1,1,1,0,0,1;52;96;1,1,1,0,0,1;52;96;1;(8,6)(1.5,1)(7.5,2.5)(0.5,4)(6.5,0.5)(6,6);
1;5;1;57.21979;9;55;0,1,1,0,1,0;47;77;0,1,0,0,1,1;54;81;0;(2,6)(0.5,0.5)(7.5,5.5)(1,4)(5.5,5.5)(7,3);
1;6;1;26.1065;17;85;0,1,0,1,1,0;70;95;0,1,0,1,1,0;70;95;1;(8,5.5)(0.5,3.5)(7.5,3)(1.5,1)(6,5)(8,1);
1;7;1;25.04953;12;83;1,0,0,0,1,1;79;111;1,0,0,0,1,1;79;111;1;(6.5,2.5)(1.5,3.5)(2,1)(6.5,6)(1,6)(4,6);
1;8;1;20.98135;18;52;1,1,1,0,0,0;49;113;1,1,1,0,0,0;49;113;1;(7,2)(7,4.5)(0.5,3.5)(1.5,0.5)(5,1)(1,6);
1;9;1;49.53467;1;69;1,1,1,0,0,0;56;126;1,1,1,0,0,0;56;126;1;(3,6)(0.5,5.5)(7,5)(1,1)(8,2.5)(6,0.5);
2;1;1;24.85888;13;66;1,1,0,0,1,0;64;79;1,1,0,0,1,0;64;79;1;(4.5,0)(0.5,0.5)(0,2.5)(6.5,4.5)(1.5,4.5)(7.5,2);
2;2;0;60.00439;10;56;1,0,1,0,0,1;46;94;1,0,1,0,0,1;46;94;1;(0.5,4.5)(1,1)(7,0.5)(5.5,6)(8,3.5)(3,6);
2;3;1;27.26567;15;39;1,0,1,1,1,0;33;58;1,0,1,1,1,0;33;58;1;(1,2.5)(6,1.5)(8,2)(2,0.5)(3.5,5.5)(6,6);
2;4;1;53.71712;4;72;1,0,1,0,0,1;67;85;1,0,1,0,0,1;67;85;1;(5,6)(-0.5,1)(1,2.5)(7,1.5)(8,5.5)(0.5,5);
2;5;1;30.0741;2;47;1,1,0,0,1,0;42;120;1,1,0,0,1,0;42;120;1;(7,2)(6,5.5)(2,6)(2.5,1)(0.5,3)(0,5.5);
2;6;0;60.0005;5;57;1,1,1,0,0,0;57;90;1,1,1,0,0,0;57;90;1;(0,4.5)(0,1)(5,0)(8,1)(2.5,1)(6.5,4.5);
2;7;1;43.86182;11;95;1,0,1,1,0,0;90;129;1,0,1,1,0,0;90;129;1;(0,3)(7.5,2)(5,6)(4,0.5)(0,1)(0,6);
2;8;1;41.12187;16;70;1,1,0,0,0,1;31;70;1,1,0,0,0,1;31;70;1;(2,5.5)(6.5,4.5)(0,0.5)(3,0.5)(7,2.5)(4.5,5.5);
2;9;0;60.00067;7;61;0,1,0,0,1,1;35;114;0,1,0,0,1,1;35;114;1;(3,1)(1,1.5)(1,5)(8,5.5)(5.5,0.5)(4.5,6);
