PartcipantID:be31
block;trial;submitted;timeSpent;instanceNumber;capacity;itemsSelected;capacitySel;profitSel;itemsOpt;capacityOpt;profitOpt;correct;xyCoordinates;error
1;1;0;60.00572;16;70;1,1,0,0,0,1;31;70;1,1,0,0,0,1;31;70;1;(0.5,1.5)(3.5,0.5)(0,4)(6,2)(7.5,5)(5,5.5);
1;2;0;60.00682;11;95;1,0,1,1,0,0;90;129;1,0,1,1,0,0;90;129;1;(1.5,2.5)(8,4.5)(5.5,0.5)(8,2)(1.5,5)(5,6);
1;3;0;60.00618;9;55;0,1,1,0,1,0;47;77;0,1,0,0,1,1;54;81;0;(7.5,2)(1,0.5)(2,6)(7,4.5)(4,5.5)(1,3);
1;4;0;60.00697;4;72;0,0,1,0,1,1;73;95;1,0,1,0,0,1;67;85;0;(8,5)(1,3)(1.5,6)(3,0.5)(7.5,0.5)(5,0.5);
1;5;0;60.0069;15;39;1,0,1,1,1,0;33;58;1,0,1,1,1,0;33;58;1;(1.5,5.5)(0.5,1)(6.5,3.5)(8,1.5)(4,0.5)(0.5,3.5);
1;6;0;60.00702;5;57;0,0,1,1,1,0;44;77;1,1,1,0,0,0;57;90;0;(6.5,2)(2.5,5.5)(5,5.5)(7,4.5)(0.5,1.5)(0.5,4);
1;7;0;60.00745;6;92;0,0,1,0,1,1;89;93;0,0,1,0,1,1;89;93;1;(1.5,3.5)(2.5,6)(1.5,1)(7,1)(7,5.5)(0.5,6);
1;8;0;60.00539;17;85;0,1,0,1,1,0;70;95;0,1,0,1,1,0;70;95;1;(4.5,6)(4.5,0.5)(1,5)(7.5,2)(0.5,1.5)(8,4.5);
1;9;0;60.00571;7;61;1,0,0,0,1,1;44;84;0,1,0,0,1,1;35;114;0;(0,4.5)(0.5,1)(7,3.5)(6.5,0.5)(3.5,6)(7,6);
2;1;0;60.006;14;55;0,1,0,1,1,1;46;145;0,1,0,1,1,1;46;145;1;(1.5,5.5)(7,1.5)(6.5,5.5)(0.5,1.5)(4.5,0.5)(4.5,6);
2;2;0;60.00711;1;69;1,1,1,0,0,0;56;126;1,1,1,0,0,0;56;126;1;(0,6)(2.5,0.5)(5.5,0.5)(8,1.5)(6,6)(2.5,6);
2;3;0;60.00657;8;82;0,0,0,1,1,1;76;86;0,0,0,1,1,1;76;86;1;(7.5,0.5)(1,1)(0.5,5)(7.5,4)(5.5,5.5)(3,6);
2;4;0;60.006;12;83;1,0,0,0,1,1;79;111;1,0,0,0,1,1;79;111;1;(8,0.5)(0,6)(7.5,3.5)(0,1.5)(6.5,6)(2,6);
2;5;0;60.00636;2;47;1,1,0,0,1,0;42;120;1,1,0,0,1,0;42;120;1;(7.5,0.5)(7,4)(0.5,0.5)(1,4.5)(5,0.5)(5,6);
2;6;0;60.0061;13;66;1,1,0,0,1,0;64;79;1,1,0,0,1,0;64;79;1;(3,0)(0,5)(0,1.5)(7,0.5)(5,6)(7.5,5.5);
2;7;0;60.00621;10;56;1,0,0,0,1,1;52;94;1,0,1,0,0,1;46;94;1;(6,1)(2.5,1)(6.5,6)(8,5)(1.5,5.5)(0.5,2.5);
2;8;0;60.00624;18;52;1,1,0,1,0,1;51;104;1,1,1,0,0,0;49;113;0;(5.5,0.5)(8,5)(0,3.5)(7.5,3)(1.5,1)(2.5,5.5);
2;9;0;60.00637;3;53;1,1,1,0,0,1;52;96;1,1,1,0,0,1;52;96;1;(7,6)(2.5,5.5)(0,4.5)(0.5,2)(6,1)(8,0.5);
