PartcipantID:be32
block;trial;submitted;timeSpent;instanceNumber;capacity;itemsSelected;capacitySel;profitSel;itemsOpt;capacityOpt;profitOpt;correct;xyCoordinates;error
1;1;1;27.04533;15;39;1,0,1,1,1,0;33;58;1,0,1,1,1,0;33;58;1;(6,1)(1.5,4.5)(3,6)(0.5,2)(6.5,4.5)(3,0.5);
1;2;1;38.55355;2;47;1,1,0,0,1,0;42;120;1,1,0,0,1,0;42;120;1;(0.5,2.5)(6.5,0.5)(2,1.5)(6.5,3.5)(0.5,5.5)(3,6);
1;3;1;38.70624;8;82;0,0,0,1,1,1;76;86;0,0,0,1,1,1;76;86;1;(0.5,4)(6.5,5.5)(8,2.5)(2.5,0.5)(0,0.5)(6,0.5);
1;4;1;30.56624;7;61;0,1,0,0,1,1;35;114;0,1,0,0,1,1;35;114;1;(5.5,0.5)(7,6)(7.5,2.5)(1,1.5)(1,5.5)(4.5,6);
1;5;1;45.28399;9;55;0,1,0,0,1,1;54;81;0,1,0,0,1,1;54;81;1;(6.5,1)(0.5,1.5)(5,6)(1,4)(4.5,0.5)(7.5,4);
1;6;1;49.45883;1;69;1,1,1,0,0,0;56;126;1,1,1,0,0,0;56;126;1;(7.5,1.5)(4,0.5)(0,0.5)(4.5,6)(7,4.5)(1,4);
1;7;1;29.89487;14;55;0,1,0,1,1,1;46;145;0,1,0,1,1,1;46;145;1;(0,3)(7.5,0)(1.5,5.5)(6.5,4)(4,6)(7.5,2);
1;8;0;60.00223;4;72;0,1,1,0,1,0;65;81;1,0,1,0,0,1;67;85;0;(7.5,5)(6.5,1.5)(0.5,1)(3.5,6)(0.5,5.5)(4,0.5);
1;9;1;35.17041;17;85;0,1,0,1,1,0;70;95;0,1,0,1,1,0;70;95;1;(6.5,6)(8,2)(1,5)(4.5,0.5)(0.5,1.5)(4,6);
2;1;1;43.06954;6;92;0,0,1,0,1,1;89;93;0,0,1,0,1,1;89;93;1;(6.5,4)(7.5,1.5)(3,6)(0,5.5)(0,2.5)(4.5,0.5);
2;2;1;30.11643;5;57;1,1,1,0,0,0;57;90;1,1,1,0,0,0;57;90;1;(1,5.5)(3.5,0.5)(6.5,0)(6,5.5)(0.5,2.5)(6.5,2.5);
2;3;1;40.70155;12;83;1,0,0,0,1,1;79;111;1,0,0,0,1,1;79;111;1;(8,1.5)(2,1)(2,5.5)(0,1)(5,0.5)(5,5.5);
2;4;1;39.99171;16;70;1,1,0,0,0,1;31;70;1,1,0,0,0,1;31;70;1;(7.5,1.5)(2.5,0.5)(1,3)(4.5,6)(1,6)(7,3.5);
2;5;1;52.43474;13;66;1,1,0,0,1,0;64;79;1,1,0,0,1,0;64;79;1;(6.5,0)(2,1)(1.5,3)(4.5,6)(7,4.5)(1,6);
2;6;1;24.81556;18;52;1,1,1,0,0,0;49;113;1,1,1,0,0,0;49;113;1;(2.5,5)(6.5,3.5)(5,6)(0,3.5)(4.5,1)(1.5,0.5);
2;7;1;34.53711;3;53;1,1,1,0,0,1;52;96;1,1,1,0,0,1;52;96;1;(0,2)(8.5,2.5)(6.5,0)(1.5,6)(7,5.5)(3.5,0.5);
2;8;1;30.87423;11;95;1,0,1,1,0,0;90;129;1,0,1,1,0,0;90;129;1;(0.5,6)(1,1.5)(6.5,3)(1,3.5)(6.5,1)(7.5,6);
2;9;1;43.18339;10;56;1,0,1,0,1,0;23;91;1,0,1,0,0,1;46;94;0;(6,4)(6.5,1)(1,0.5)(8,3.5)(0.5,3.5)(2.5,6);
